13,59,19,57,9,50
15,28,11,37,13,51
23,35,28,54,18,20
16,23,23,42,16,51
15,33,25,50,10,17
12,53,24,20,12,45
26,60,18,47,13,52
1,27,22,36,12,42
5,38,27,18,18,58
10,59,1,41,10,28
9,21,5,32,15,20
11,34,3,17,7,57
9,36,8,30,6,49
10,29,25,42,27,57
23,48,7,15,16,44
10,50,9,43,9,27
5,21,20,24,27,54
19,59,3,43,17,19
22,44,6,23,1,29
6,40,9,39,7,36
16,59,3,24,20,42
3,38,4,43,21,24
13,37,28,26,24,46
1,47,4,22,17,30
28,34,9,50,24,32
26,46,11,16,18,19
25,41,10,40,20,39
16,33,11,22,28,16
4,48,10,33,2,45
2,49,15,30,23,18
6,35,14,58,22,55
10,58,6,31,1,33
14,58,5,38,6,49
9,29,15,25,25,17
24,54,26,42,29,49
3,28,4,16,6,22
17,39,13,22,11,20
26,35,25,52,22,52
27,15,7,16,24,43
25,28,20,23,28,26
8,29,22,29,1,31
24,34,29,45,19,36
1,37,12,53,27,37
2,18,6,28,4,56
23,23,19,15,17,29
24,34,10,58,24,35
23,16,11,33,10,42
20,49,8,16,6,59
18,58,17,32,20,52
21,28,26,30,25,28
22,51,29,15,10,54
8,37,7,53,21,52
6,16,28,26,27,49
9,37,12,46,18,58
4,35,17,16,14,44
3,60,27,43,10,41
7,19,25,47,11,23
25,36,22,33,6,44
15,41,15,50,11,26
17,15,4,38,22,24
3,58,22,53,16,25
17,50,18,33,6,19
2,52,22,59,27,52
7,16,24,52,5,25
10,52,14,28,10,36
17,15,22,26,25,50
9,32,7,30,14,22
3,17,3,53,28,40
2,43,6,29,23,38
6,58,1,25,13,37
24,55,13,48,12,25
2,32,17,52,27,30
12,19,29,49,24,53
3,34,14,22,12,56
4,27,11,29,15,17
27,28,19,35,27,26
5,57,8,55,13,45
2,21,6,25,4,22
1,33,27,27,13,23
22,29,29,41,7,18
14,54,9,49,2,41
1,60,11,47,24,46
15,32,22,46,18,18
9,30,13,17,24,22
23,44,25,48,19,17
17,52,29,21,9,23
16,36,3,26,18,29
17,59,23,38,27,19
1,39,1,56,9,53
23,48,3,27,22,32
21,56,18,38,13,45
29,23,19,17,1,58
3,19,14,25,17,47
20,18,19,25,19,19
18,41,18,27,27,43
14,40,26,48,13,35
23,22,2,48,27,21
6,60,4,30,21,21
29,24,19,52,25,38
14,56,8,33,19,56
10,58,15,37,20,27
11,31,8,15,21,25
25,17,21,34,20,47
17,15,24,46,24,18
21,24,2,57,14,43
9,59,28,21,1,21
23,50,14,31,27,17
1,44,4,43,25,26
6,50,1,59,24,35
5,31,15,50,26,34
20,16,1,39,18,29
22,23,22,37,10,57
29,42,23,59,21,46
27,30,20,49,15,27
8,36,28,25,27,57
7,41,18,41,18,42
6,47,7,32,21,41
1,36,9,21,13,40
24,56,3,55,9,42
7,35,4,15,26,57
8,44,6,32,10,17
25,58,15,28,19,42
22,30,14,27,7,21
21,55,29,54,6,32
5,37,27,45,24,23
27,59,19,37,14,32
8,27,26,41,15,57
13,55,4,26,6,15
24,56,27,32,13,34
18,59,26,53,9,29
8,57,8,15,14,49
7,54,11,59,29,45
9,52,8,40,28,32
28,43,26,59,22,25
3,22,20,54,6,54
15,29,28,45,28,31
16,21,10,30,29,29
10,20,1,58,28,42
5,59,28,16,15,47
18,35,10,47,21,30
24,33,25,24,28,41
1,25,17,25,18,36
8,15,29,32,20,59
28,55,12,39,23,40
15,20,2,25,27,46
19,17,24,37,21,57
29,36,23,26,7,33
11,23,16,44,12,24
7,36,1,41,13,49
21,44,0,22,3,29
27,34,29,57,24,54
19,40,5,57,4,16
28,21,18,49,7,44
2,53,19,59,17,26
26,56,2,35,16,22
16,40,25,47,23,41
25,25,24,49,20,19
10,31,5,43,6,24
1,35,17,41,26,46
26,35,5,17,9,20
19,52,4,53,7,24
17,18,28,52,4,48
23,39,2,55,23,38
22,26,3,22,1,32
4,59,22,48,23,21
23,45,21,56,3,24
20,43,15,15,11,36
18,23,19,27,9,51
16,36,10,58,6,46
5,48,9,37,21,60
15,30,29,19,17,44
22,26,6,21,7,35
13,45,13,19,15,40
24,40,12,33,26,15
25,57,18,57,3,33
19,22,23,55,17,27
18,49,12,25,26,59
16,56,11,25,8,16
5,44,21,18,20,33
29,21,4,53,11,26
23,54,7,31,3,55
20,18,8,35,23,25
19,55,28,34,6,34
28,18,4,46,3,43
13,27,3,35,5,31
8,24,19,49,18,23
13,34,10,15,14,27
6,38,19,52,23,39
4,59,16,53,20,30
5,25,20,24,18,20
19,49,11,17,14,21
29,27,29,58,4,18
17,49,10,25,28,34
1,47,7,20,27,60
7,47,20,54,9,19
15,34,16,24,12,47
6,49,15,49,16,38
23,34,2,51,1,16
15,46,29,50,9,24
22,21,23,16,25,45